# This file may be used to create an environment using:
# $ conda create --name <env> --file <this file>
# platform: win-64
# created-by: conda 25.7.0
annotated-doc=0.0.4=pypi_0
annotated-types=0.7.0=pypi_0
anyio=4.11.0=pypi_0
blinker=1.9.0=pypi_0
bzip2=1.0.8=h0ad9c76_8
ca-certificates=2025.11.12=h4c7d964_0
click=8.3.1=pypi_0
colorama=0.4.6=pypi_0
exceptiongroup=1.3.1=pypi_0
fastapi=0.121.3=pypi_0
flask=3.1.2=pypi_0
flask-cors=6.0.1=pypi_0
h11=0.16.0=pypi_0
idna=3.11=pypi_0
itsdangerous=2.2.0=pypi_0
jinja2=3.1.6=pypi_0
libexpat=2.7.3=hac47afa_0
libffi=3.5.2=h52bdfb6_0
liblzma=5.8.1=h2466b09_2
libsqlite=3.51.0=hf5d6505_0
libzlib=1.3.1=h2466b09_2
markupsafe=3.0.3=pypi_0
openssl=3.6.0=h725018a_0
pip=25.3=pyh8b19718_0
pydantic=2.12.4=pypi_0
pydantic-core=2.41.5=pypi_0
python=3.10.19=hc20f281_2_cpython
setuptools=80.9.0=pyhff2d567_0
sniffio=1.3.1=pypi_0
starlette=0.50.0=pypi_0
tk=8.6.13=h2c6b04d_3
typing-extensions=4.15.0=pypi_0
typing-inspection=0.4.2=pypi_0
tzdata=2025b=h78e105d_0
ucrt=10.0.26100.0=h57928b3_0
uvicorn=0.38.0=pypi_0
vc=14.3=h2b53caa_32
vc14_runtime=14.44.35208=h818238b_32
vcomp14=14.44.35208=h818238b_32
werkzeug=3.1.3=pypi_0
wheel=0.45.1=pyhd8ed1ab_1
